2.000000
1.332987
1.199443
1.142797
1.111291
1.090983
1.077073
1.066372
1.058739
1.052460
1.047497
1.043808
1.040368
1.036981
1.034535
1.032130
1.030184
1.028629
1.026991
1.025510
1.024254
1.023115
1.022177
1.021323
1.020428
1.019800
1.018920
1.018228
1.017404
1.017080
1.016415
1.015878
1.015328
1.014977
1.014309
1.014149
1.013633
1.013358
1.012909
1.012633
1.012337
1.012059
1.011784
1.011434
1.011250
1.011113
1.010764
1.010675
1.010150
1.010060
1.009918
1.009574
1.009604
1.009383
1.009232
1.008994
1.008846
1.008834
1.008512
1.008489
1.008258
1.008137
1.008008
1.007835
1.007712
1.007603
1.007504
1.007401
1.007297
1.007198
1.007027
1.006992
1.006881
1.006848
1.006685
1.006584
1.006456
1.006406
1.006365
1.006234
1.006144
1.006116
1.006004
1.005879
1.005811
1.005821
1.005780
1.005685
1.005661
1.005558
1.005599
1.005455
1.005398
1.005324
1.005228
1.005290
1.005193
1.005079
1.005018
1.005110
1.005016
1.005017
1.004872
1.004899
1.004880
1.004736
1.004653
1.004679
1.004728
1.004529
1.004527
1.004519
1.004452
1.004395
1.004358
1.004312
1.004323
1.004197
1.004264
1.004196
1.004121
1.004128
1.004078
1.004118
1.003996
1.004000
1.003938
1.003957
1.003936
1.003868
1.003835
1.003802
1.003770
1.003796
1.003736
1.003697
1.003703
1.003571
1.003562
1.003627
1.003644
1.003567
1.003513
1.003468
1.003413
1.003479
1.003427
1.003401
1.003361
1.003389
1.003335
1.003299
1.003234
1.003247
1.003178
1.003224
1.003202
1.003143
1.003181
1.003131
1.003086
1.003115
1.003020
1.003088
1.003040
1.003068
1.002977
1.002972
1.002898
1.002994
1.002923
1.002958
1.002877
1.002871
1.002921
1.002872
1.002842
1.002801
1.002835
1.002782
1.002797
1.002749
1.002763
1.002811
1.002700
1.002694
1.002709
1.002694
1.002605
1.002654
1.002637
1.002565
1.002662
1.002558
1.002570
1.002488
1.002536
1.002481
1.002498
1.002482
1.002510
1.002510
1.002484
1.002468
1.002408
1.002439
1.002446
1.002453
1.002425
1.002371
1.002371
1.002405
1.002373
1.002315
1.002349
1.002280
1.002283
1.002272
1.002282
1.002312
1.002275
1.002241
1.002262
1.002307
1.002200
1.002214
1.002262
1.002228
1.002194
1.002215
1.002200
1.002208
1.002150
1.002178
1.002076
1.002173
1.002079
1.002105
1.002100
1.002058
1.002071
1.002022
1.002052
1.002036
1.002044
1.002038
1.002086
1.002029
1.001946
1.001986
1.002006
1.002016
1.001970
1.001948
1.002012
1.001944
1.001968
1.002017
1.001929
1.001926
1.001923
1.001911
1.001875
1.001923
1.001866
1.001883
1.001879
1.001886
1.001854
1.001875
1.001913
1.001869
1.001860
1.001810
1.001851
1.001779
1.001860
1.001767
1.001799
1.001762
1.001777
1.001753
1.001785
1.001797
1.001744
1.001742
1.001735
1.001731
1.001685
1.001761
1.001710
1.001685
1.001662
1.001712
1.001732
1.001680
1.001668
1.001721
1.001665
1.001708
1.001678
1.001671
1.001719
1.001587
1.001694
1.001655
1.001615
1.001633
1.001709
1.001656
1.001603
1.001656
1.001643
1.001609
1.001614
1.001593
1.001567
1.001576
1.001569
1.001566
1.001577
1.001530
1.001563
1.001566
1.001506
1.001532
1.001528
1.001534
1.001506
1.001510
1.001534
1.001524
1.001489
1.001499
1.001440
1.001514
1.001480
1.001456
1.001474
1.001470
1.001457
1.001451
1.001466
1.001486
1.001463
1.001462
1.001463
1.001459
1.001411
1.001396
1.001411
1.001420
1.001434
1.001434
1.001396
1.001435
1.001339
1.001434
1.001446
1.001358
1.001403
1.001375
1.001407
1.001319
1.001381
1.001376
1.001348
1.001322
1.001333
1.001319
1.001342
1.001344
1.001384
1.001318
1.001352
1.001307
1.001321
1.001328
1.001326
1.001335
1.001327
1.001267
1.001324
1.001300
1.001299
1.001261
1.001346
1.001272
1.001316
1.001278
1.001228
1.001268
1.001274
1.001226
1.001262
1.001243
1.001258
1.001251
1.001274
1.001288
1.001236
1.001269
1.001222
1.001278
1.001239
1.001247
1.001205
1.001261
1.001177
1.001226
1.001208
1.001203
1.001224
1.001174
1.001230
1.001194
1.001193
1.001206
1.001177
1.001162
1.001173
1.001226
1.001165
1.001192
1.001190
1.001166
1.001108
1.001161
1.001142
1.001160
1.001215
1.001197
1.001138
1.001173
1.001150
1.001170
1.001154
1.001133
1.001163
1.001108
1.001135
1.001103
1.001162
1.001122
1.001140
1.001154
1.001087
1.001112
1.001141
1.001107
1.001117
1.001077
1.001072
1.001101
1.001117
1.001125
1.001061
1.001074
1.001074
1.001112
1.001082
1.001066
1.001069
1.001117
1.001068
1.001075
1.001072
1.001090
1.001055
1.001079
1.001052
1.001043
1.001056
1.001059
1.001047
1.001045
1.001093
1.001049
1.001019
1.001027
1.001053
1.001045
1.001043
1.001045
1.001060
1.001018
1.001065
1.001034
1.001028
1.000989
1.001037
1.001043
1.000993
1.001027
1.001021
1.001056
1.000987
1.001024
1.000984
1.000988
1.001001
1.000996
1.001048
1.000968
1.000978
1.000935
1.000991
1.000993
1.000953
1.001021
1.000964
1.000991
